117
69
78
96
101
102
99
97
99
100
92
97
128
123
139
134
114
66
76
92
97
98
103
118
113
92
87
90
116
119
110
163
114
61
73
88
92
90
102
133
160
143
83
88
109
108
110
112
112
60
72
86
82
89
100
128
169
188
145
87
99
74
110
56
110
58
72
92
80
93
109
144
162
174
185
132
95
99
149
40
115
60
75
102
79
97
120
139
145
156
159
155
149
177
151
38
116
60
74
123
88
100
110
114
118
118
138
160
175
146
87
43
116
60
71
131
96
95
84
58
56
92
152
150
121
96
43
74
117
60
69
116
99
74
46
40
75
140
153
135
72
52
36
99
117
61
74
95
80
43
37
71
132
128
164
163
62
40
54
117
119
60
86
87
52
41
46
123
87
85
137
89
52
44
76
120
123
71
77
55
54
39
81
115
114
118
135
95
53
51
97
117
120
73
58
48
46
63
85
87
137
121
131
111
52
65
111
112
120
65
52
58
54
80
52
88
120
117
130
84
42
86
116
109
123
65
47
60
99
60
39
81
109
105
116
51
42
98
116
107
120
52
49
73
76
36
38
51
92
122
93
32
48
96
110
100
122
49
46
65
71
42
36
47
92
118
142
102
49
89
86
76
123
42
42
47
76
58
36
60
100
118
146
185
103
96
97
115
118
37
39
40
70
57
46
78
106
114
132
176
159
98
98
156
117
37
34
41
59
38
57
86
113
112
122
158
180
74
70
141
113
34
38
44
53
38
70
100
114
116
117
142
182
92
65
81
107
36
47
52
44
63
95
105
111
116
124
137
173
122
88
65
118
48
52
40
47
82
95
108
112
104
120
139
167
158
92
62
123
67
46
61
72
93
96
113
117
98
109
131
159
177
152
153
