4
7
15
35
79
138
221
373
586
928
1345
1885
2542
3244
3972
4679
5307
6021
6547
7078
7481
7886
8286
8631
8967
9299
9647
9964
10266
10534
10842
11135
11433
11746
12036
12366
12751
13116
13568
14046
14560
15049
15577
16063
16513
16877
17268
17630
17930
18273
18600
18927
19220
19521
19805
20132
20410
20662
20890
21099
21281
21446
21602
21732
21869
22008
22133
22245
22376
22511
22649
22772
22913
23061
23208
23341
23511
23688
23868
24056
24242
24486
24654
24859
25084
25306
25551
25786
26047
26354
26688
27020
27385
27721
28106
28477
28913
29310
29741
30152
30570
30967
31354
31708
32023
32347
32659
32917
33210
33469
33725
33950
34195
34464
34683
34881
35078
35290
35472
35641
35816
35955
36122
36293
36453
36607
36729
36868
36982
37113
37214
37277
37353
37416
37472
37531
37591
37641
37695
37736
37775
37810
37838
37861
37894
37927
37946
37976
38004
38023
38044
38059
38073
38085
38099
38106
38116
38124
38130
38140
38146
38153
38162
38164
38169
38171
38175
38179
38188
38193
38195
38198
38201
38208
38210
38213
38216
38219
38221
38226
38227
38233
38239
38243
38245
38247
38253
38258
38260
38265
38268
38270
38270
38272
38275
38276
38280
38285
38287
38287
38290
38293
38294
38295
38296
38299
38301
38304
38306
38309
38311
38313
38313
38317
38318
38320
38324
38325
38328
38329
38331
38333
38336
38337
38337
38339
38341
38343
38345
38350
38351
38352
38353
38354
38357
38361
38361
38362
38362
38364
38364
38368
38369
38371
38372
38373
38373
38373
38373
38375
38377
38377
38378
38379
38379
38381