4
7
15
35
79
138
221
373
586
928
1345
1885
2542
3244
3972
4679
5307
6021
6547
7078
7481
7886
8286
8631
8967
9299
9647
9964
10266
10534
10842
11135
11433
11746
12036
12366
12751
13116
13568
14046
14560
15049
15577
16063
16513
16877
17268
17630
17930
18273
18600
18927
19220
19521
19805
20132
20410
20662
20890
21099
21281
21446
21602
21732
21869
22008
22133
22245
22376
22511
22649
22772
22913
23061
23208
23341
23511
23688
23868
24056
24242
24486
24654
24859
25084
25306
25551
25786
26047
26354
26688
27020
27385
27721
28106
28477
28913
29310
29741
30152
30570
30967
31354
31708
32023
32347
32659
32917
33210
33469
33725
33950
34195
34464
34683
34881
35078
35290
35472
35641
35816
35955
36122
36293
36453
36607
36729
37007
37235
37497
37699
37825
37977
38103
38215
38333
38453
38553
38661
38743
38821
38891
38947
38993
39059
39125
39163
39223
39279
39317
39359
39389
39417
39441
39469
39483
39503
39519
39531
39551
39563
39577
39595
39599
39609
39613
39621
39629
39647
39657
39661
39667
39673
39687
39691
39697
39703
39709
39713
39723
39725
39737
39749
39757
39761
39765
39777
39787
39791
39801
39807
39811
39811
39815
39821
39823
39831
39841
39845
39845
39851
39857
39859
39861
39863
39869
39873
39879
39883
39889
39893
39897
39897
39905
39907
39911
39919
39921
39927
39929
39933
39937
39943
39945
39945
39949
39953
39957
39961
39971
39973
39975
39977
39979
39985
39993
39993
39995
39995
39999
39999
40007
40009
40013
40015
40017
40017
40017
40017
40021
40025
40025
40027
40029
40029
40031