1171
691
781
961
1011
1021
991
971
992
1001
921
972
1281
1231
1391
1341
1141
661
761
922
973
981
1031
1181
1131
923
871
901
1161
1191
1101
1631
1142
611
731
881
924
902
1022
1331
1601
1431
831
882
1091
1081
1102
1121
1122
601
721
861
821
891
1002
1282
1691
1881
1451
872
993
741
1103
561
1104
581
722
925
801
931
1092
1441
1621
1741
1851
1321
951
994
1491
401
1151
602
751
1023
791
974
1201
1392
1452
1561
1591
1551
1492
1771
1511
381
1162
603
742
1232
883
1003
1105
1143
1182
1183
1381
1602
1751
1461
873
431
1163
604
711
1311
962
952
841
582
562
926
1521
1501
1211
963
432
743
1172
605
692
1164
995
744
461
402
752
1401
1531
1351
723
521
361
996
1173
612
745
953
802
433
371
712
1322
1283
1641
1632
621
403
541
1174
1192
606
862
874
522
411
462
1233
875
851
1371
892
523
441
762
1202
1234
713
771
551
542
391
811
1152
1144
1184
1352
954
531
511
975
1175
1203
732
583
481
463
631
852
876
1372
1212
1312
1111
524
651
1112
1123
1204
652
525
584
543
803
526
884
1205
1176
1301
842
421
863
1165
1093
1235
653
471
607
997
608
392
812
1094
1051
1166
512
422
982
1167
1071
1206
527
491
733
763
362
382
513
927
1221
932
321
482
964
1106
1004
1222
492
464
654
714
423
363
472
928
1185
1421
1024
493
893
864
764
1236
424
425
473
765
585
364
609
1005
1186
1462
1852
1032
965
976
1153
1187
372
393
404
701
571
465
782
1061
1145
1323
1761
1592
983
984
1562
1177
373
341
412
591
383
572
865
1132
1124
1223
1581
1801
746
702
1411
1133
342
384
442
532
385
703
1006
1146
1168
1178
1422
1821
929
655
813
1072
365
474
528
443
632
955
1052
1113
1169
1241
1373
1731
1224
885
656
1188
483
529
405
475
822
956
1082
1125
1041
1207
1393
1671
1582
9210
622
1237
671
466
613
724
933
966
1134
1179
985
1095
1313
1593
1772
1522
1532
