0
128
144
140
110
97
134
121
248
255
255
255
255
255
240
139
148
149
124
126
130
136
140
140
136
128
93
121
93
124
103
158
255
255
255
255
211
136
124
143
132
117
107
110
110
112
93
80
74
78
85
74
78
132
115
144
175
151
97
78
90
70
55
35
43
47
49
52
57
57
59
47
57
100
103
49
85
251
254
224
128
90
85
103
80
70
68
72
78
82
61
49
59
66
64
80
57
49
70
74
146
228
165
87
59
82
66
68
66
64
64
61
61
59
47
43
35
21
12
6
16
35
49
55
49
40
26
49
82
100
97
97
107
115
112
80
47
8
12
31
61
87
110
107
93
100
107
110
107
90
76
70
66
57
49
49
57
59
43
43
43
136
143
137
112
128
155
151
253
255
255
254
255
255
255
182
149
143
134
132
130
136
140
140
136
130
110
117
175
217
151
211
255
255
255
255
255
223
132
140
130
115
107
110
110
112
103
87
80
78
76
70
59
85
74
85
140
130
80
78
78
64
61
43
43
47
49
52
57
57
52
64
49
76
136
143
57
160
240
229
152
103
85
90
82
74
72
72
72
74
76
66
49
55
72
55
74
43
40
139
250
254
221
145
78
64
55
66
64
64
64
61
59
59
47
43
31
21
12
8
16
35
49
55
49
43
26
49
82
100
97
97
103
112
112
85
55
31
35
49
66
85
100
103
93
100
107
110
107
93
78
72
68
57
49
47
55
57
43
43
43
140
143
136
124
145
173
221
237
253
251
223
254
255
255
231
151
134
136
124
128
134
139
139
134
128
115
146
254
254
184
239
255
255
255
255
255
254
152
134
126
112
107
110
112
112
112
107
93
80
70
59
43
66
72
61
85
82
64
78
64
55
70
52
43
47
49
52
57
57
47
68
35
82
161
226
117
97
168
229
175
107
78
80
82
80
76
70
66
72
76
68
55
57
74
8
66
47
26
132
249
254
237
187
141
76
57
59
64
64
61
61
59
59
49
47
40
26
16
8
21
35
49
55
52
43
21
49
82
100
93
93
100
107
112
90
66
55
61
68
72
80
87
93
93
97
103
110
110
97
82
76
70
59
47
43
49
52
43
43
43
136
141
140
137
147
165
209
178
236
251
224
254
255
255
239
155
121
134
134
124
132
137
137
132
124
110
151
254
255
249
248
255
255
255
255
255
254
172
124
121
110
103
107
112
112
117
117
107
85
70
47
52
70
82
72
70
55
49
76
49
43
74
57
43
47
49
52
57
57
47
61
31
100
184
253
182
78
146
236
213
107
70
70
80
85
80
70
68
80
66
64
74
72
61
61
68
55
43
72
172
250
203
167
140
74
61
57
64
61
61
59
59
57
52
49
43
31
21
12
21
40
52
57
52
47
26
47
80
97
93
93
100
103
112
97
74
68
74
78
78
80
82
87
90
97
103
110
112
103
90
80
72
59
47
40
43
47
40
40
40
128
139
144
143
143
145
155
150
245
255
255
254
255
255
203
139
70
90
130
121
130
136
136
130
121
119
132
182
254
254
252
255
255
255
255
254
229
146
119
112
103
100
107
115
115
119
121
115
93
80
59
68
57
59
72
64
43
49
74
47
40
72
55
43
47
49
52
57
57
59
68
49
72
155
254
252
110
121
209
192
110
64
64
74
82
80
70
68
78
70
72
78
74
59
132
143
87
31
61
161
242
155
136
100
57
57
59
61
61
59
59
57
57
55
52
47
35
26
16
26
40
52
57
55
47
21
43
80
97
90
90
97
100
110
97
76
72
80
80
80
80
82
87
97
93
100
112
115
110
100
87
74
61
47
31
35
40
35
35
35
124
136
143
144
139
130
139
130
236
255
255
255
254
233
152
132
76
82
115
121
128
134
134
128
119
132
137
110
203
249
252
255
255
255
254
231
140
103
115
103
97
97
107
115
112
117
117
115
110
107
80
74
68
68
100
100
68
61
72
59
47
61
43
43
47
49
52
57
57
61
85
68
35
117
254
255
164
72
130
134
97
68
61
68
70
74
74
72
70
87
90
72
64
68
141
175
134
16
59
145
189
147
146
147
107
55
57
61
59
59
57
55
55
57
55
49
40
31
21
31
43
55
59
55
49
26
43
78
93
90
90
93
93
107
93
72
66
74
70
76
85
97
100
97
93
97
112
117
115
107
93
76
64
47
26
26
26
35
35
35
134
134
136
140
143
140
132
139
244
255
255
255
252
146
146
145
130
119
110
119
126
132
132
126
117
119
141
124
121
156
249
255
255
254
226
160
124
121
107
97
90
97
107
115
115
110
107
112
121
130
100
85
147
165
184
178
139
74
68
72
52
47
26
43
47
49
52
57
57
47
87
90
59
97
252
255
228
68
66
74
103
72
61
61
59
68
78
80
70
85
90
78
68
64
97
151
117
35
31
72
132
130
165
201
144
47
57
59
59
57
57
55
55
59
57
52
43
35
26
35
43
55
59
57
49
26
43
78
93
87
87
90
90
100
87
64
57
64
55
70
90
112
112
100
90
97
112
119
117
115
100
78
64
43
21
16
21
35
35
35
137
132
130
137
144
149
145
134
223
255
255
254
198
137
143
128
117
110
87
112
121
132
134
128
121
90
117
132
97
137
237
253
253
242
158
136
119
128
100
97
90
90
103
117
115
107
110
110
124
134
100
107
201
252
253
249
159
78
70
78
57
35
21
43
47
49
52
57
59
35
74
97
93
107
224
254
223
80
85
82
117
80
59
57
55
64
76
82
76
72
85
97
82
66
68
76
57
40
16
40
68
85
156
187
139
47
66
57
57
57
57
55
55
59
57
49
47
35
31
35
43
52
57
55
49
26
40
76
90
87
87
90
93
97
82
61
52
55
47
66
97
117
115
103
93
97
110
117
117
115
100
76
61
40
26
12
8
31
35
35
130
128
143
139
128
145
121
117
153
251
254
247
150
130
130
124
115
107
97
80
85
117
134
132
130
115
130
103
117
132
149
231
233
165
137
115
126
121
103
115
100
80
97
124
112
97
119
97
103
115
97
128
158
254
254
224
139
93
87
72
59
47
40
43
49
52
57
61
64
64
57
78
76
64
168
253
192
64
61
66
68
85
55
59
61
66
66
68
72
72
93
82
74
115
80
61
43
16
16
16
21
68
132
144
103
59
52
49
52
55
55
57
59
57
55
49
47
40
35
43
43
47
47
49
49
43
47
64
80
87
90
93
103
100
90
74
55
31
47
68
90
115
115
103
103
103
103
103
103
103
93
70
49
31
35
26
8
43
47
47
155
130
139
144
128
132
121
119
126
148
168
151
134
140
141
140
132
121
115
103
72
74
107
115
93
117
140
132
130
117
121
150
151
140
124
115
117
110
93
103
100
90
87
97
112
87
87
78
87
136
107
100
121
198
203
147
110
93
82
72
59
47
40
43
49
52
57
61
61
61
66
90
107
66
110
209
213
126
61
82
74
61
64
64
61
61
61
61
64
70
78
57
47
82
74
68
59
47
40
31
16
57
85
76
61
47
35
52
52
55
55
55
57
57
55
49
47
40
35
43
43
47
47
49
49
43
47
64
80
87
90
93
103
100
90
74
55
31
47
68
90
115
115
103
103
103
103
103
103
103
103
82
52
31
40
40
31
43
47
47
253
151
134
146
130
140
139
141
140
137
134
103
97
126
132
136
126
112
97
93
59
40
74
97
80
112
132
128
124
110
115
107
100
110
112
110
97
100
107
82
74
74
66
52
93
121
119
112
90
119
117
103
78
130
128
76
76
87
78
68
57
47
43
43
47
52
55
59
61
61
64
72
107
76
64
136
165
139
80
90
78
66
68
66
61
57
55
52
47
70
82
61
43
66
70
72
74
70
59
43
49
76
76
52
59
66
57
55
55
52
52
49
49
57
55
49
47
40
35
43
43
47
47
49
49
43
47
64
80
90
93
93
103
100
90
74
55
31
47
68
90
115
115
103
103
103
103
103
103
103
112
100
55
26
35
49
52
43
47
47
255
235
156
151
140
143
141
137
137
146
145
112
90
115
124
128
121
107
93
103
80
43
59
103
117
110
107
103
107
121
136
117
97
103
103
97
82
93
103
70
66
76
72
52
76
137
126
124
110
103
124
128
93
97
87
64
74
78
72
64
57
47
43
40
47
49
55
59
59
57
61
47
74
87
90
80
93
80
74
66
61
74
70
68
61
55
52
43
26
64
80
76
64
59
68
74
80
80
68
55
55
61
55
43
47
52
52
59
55
52
49
43
43
57
55
49
47
40
35
43
43
47
47
49
49
43
49
66
82
90
93
97
107
103
93
74
57
40
47
68
90
115
115
103
103
107
107
107
107
107
117
110
57
21
35
55
57
43
47
47
255
255
240
146
143
134
141
136
128
141
143
137
126
115
121
124
121
117
112
117
128
72
55
107
136
112
97
107
117
130
134
117
100
85
78
78
82
85
78
68
72
78
72
49
49
103
78
90
119
107
112
124
117
110
93
72
74
70
66
59
55
47
43
40
43
47
52
57
59
55
70
49
61
76
93
85
76
55
64
68
61
72
66
64
61
55
49
47
31
55
59
64
72
70
68
72
78
78
72
64
66
52
49
66
55
35
52
61
57
52
43
35
31
57
55
49
47
40
35
43
43
47
47
49
49
47
49
66
82
93
97
100
107
103
93
76
59
43
47
68
90
115
115
103
103
107
107
107
107
107
115
103
57
21
35
52
55
43
47
47
255
255
254
147
144
137
140
139
139
140
130
137
137
117
112
110
112
121
117
93
154
151
145
150
144
134
112
126
126
130
117
97
90
76
70
74
80
85
74
64
57
55
59
59
47
57
57
82
112
97
82
93
107
103
93
80
72
64
61
55
52
49
43
35
43
47
52
57
57
52
70
61
61
52
61
82
90
52
49
66
49
55
61
59
59
55
55
49
52
93
85
64
70
76
68
68
70
70
70
68
78
64
55
72
70
55
59
64
57
52
40
26
21
57
55
49
47
40
35
43
43
47
47
49
49
47
52
68
85
93
97
100
110
107
97
78
59
40
47
68
90
115
115
103
107
110
110
110
110
110
110
85
55
26
35
43
40
43
47
47
255
255
255
224
151
140
144
137
136
140
128
140
146
136
121
115
121
139
130
70
226
254
254
251
175
148
124
119
110
128
128
112
112
103
90
82
74
80
87
55
8
55
134
160
136
59
57
70
93
112
85
74
82
87
85
90
68
55
55
52
47
49
43
31
40
43
49
55
57
47
43
35
55
21
35
52
49
21
40
26
3
47
57
55
57
59
59
55
70
158
160
115
76
76
70
64
59
59
64
70
76
64
31
31
59
59
52
68
59
52
40
16
12
57
55
49
47
40
35
47
43
47
47
49
49
47
52
68
85
97
100
100
110
107
97
78
59
43
47
68
90
115
115
103
107
110
110
110
110
110
100
74
49
31
40
31
12
43
47
47
255
255
255
254
168
126
144
139
132
139
137
143
151
150
137
119
140
160
153
85
251
255
255
255
252
189
121
112
107
136
139
124
124
124
117
97
74
80
82
64
78
93
175
254
229
68
49
74
87
107
87
76
78
80
82
90
74
66
64
64
59
57
52
40
43
47
49
52
55
40
21
16
43
26
35
40
26
21
43
8
3
40
40
47
47
52
55
47
66
180
224
153
90
64
76
72
64
61
68
78
78
66
40
16
49
59
57
66
61
47
26
26
40
49
47
43
43
40
35
26
40
47
47
55
52
43
55
70
87
100
103
103
107
107
103
82
61
40
55
74
97
115
112
97
103
107
110
110
112
115
100
72
52
26
21
16
12
43
43
43
255
255
255
254
175
110
128
134
137
137
136
132
141
149
136
121
153
221
221
128
252
255
255
255
255
242
117
110
119
139
121
112
119
121
117
103
80
85
82
134
211
161
180
255
254
126
70
97
97
78
76
82
82
85
85
85
85
82
78
72
68
61
59
49
49
49
49
47
47
40
40
43
40
40
40
49
49
43
31
16
16
16
31
35
35
40
40
31
43
141
180
165
132
76
85
80
74
72
76
85
80
68
57
49
49
59
61
61
61
47
16
35
59
31
31
31
31
31
35
6
40
49
49
64
57
43
55
72
90
103
107
103
97
110
110
87
61
35
61
78
103
115
110
90
97
103
107
112
115
117
107
78
59
21
8
16
31
40
40
40
255
255
255
252
154
110
119
124
136
139
139
136
132
134
130
134
153
221
243
155
250
255
255
255
255
229
115
100
110
130
103
112
124
117
107
97
87
90
110
156
249
217
155
253
255
223
136
97
93
85
82
85
87
90
90
90
90
85
78
70
59
52
47
47
47
47
47
47
47
40
40
40
40
40
40
43
47
43
35
26
21
21
40
35
40
43
47
47
40
57
112
150
149
126
85
76
70
68
72
80
80
72
61
52
49
55
52
55
66
57
35
31
47
31
31
31
31
31
31
12
49
55
55
68
61
47
52
68
85
100
107
103
97
107
107
85
61
35
52
70
97
115
115
103
100
103
103
110
112
115
107
80
59
26
12
16
35
40
40
40
255
255
255
211
141
124
112
110
132
139
140
136
130
124
124
124
121
151
213
206
237
255
255
252
231
159
107
112
93
100
121
128
124
110
97
97
103
103
115
145
206
167
137
244
255
252
160
128
100
76
85
90
90
93
93
97
90
85
76
66
49
35
31
40
40
40
40
40
40
31
31
31
31
31
31
40
43
43
35
35
35
31
43
43
40
43
49
52
52
12
43
100
132
128
82
72
66
64
68
76
78
74
66
57
49
49
47
47
66
61
43
31
35
31
31
31
31
31
31
21
55
59
59
72
66
47
52
66
82
100
100
97
97
107
107
85
59
31
40
64
90
115
117
110
100
100
103
110
112
115
107
80
61
31
12
21
35
40
40
40
255
255
239
152
132
136
110
100
124
136
137
136
134
128
128
126
97
128
172
180
167
253
248
172
147
121
103
119
85
76
130
132
121
103
93
97
112
110
117
136
149
145
121
201
254
246
158
141
103
70
85
87
87
90
93
93
87
78
72
57
40
16
12
31
31
31
31
31
31
26
26
26
26
26
26
40
43
43
43
43
43
43
47
47
47
49
52
55
64
49
31
43
64
80
72
64
57
55
59
68
72
72
68
64
57
52
43
43
64
64
43
21
26
26
26
26
26
26
26
26
57
61
61
74
68
43
47
64
80
93
97
93
93
103
103
82
59
31
26
59
85
115
117
110
97
100
100
107
110
112
107
82
61
31
16
21
40
40
40
40
255
243
158
144
130
130
110
103
115
121
128
130
134
136
139
136
117
136
156
140
124
192
173
145
140
121
115
115
93
76
103
115
117
107
103
107
117
100
110
137
128
128
90
139
239
168
128
126
93
85
82
80
80
82
85
85
80
72
66
52
31
8
8
26
26
26
26
26
26
21
21
21
21
21
21
35
40
43
49
49
52
52
49
49
52
55
55
55
59
55
43
31
40
47
59
55
47
43
49
59
61
66
70
68
66
59
49
43
61
59
35
21
31
21
21
21
21
21
21
16
52
57
57
70
64
43
40
61
78
87
93
90
90
103
100
82
57
26
31
57
85
110
110
100
93
97
100
107
110
112
107
82
64
35
16
26
40
40
40
40
251
156
139
140
121
117
117
115
103
100
112
126
134
141
141
130
121
128
137
117
110
144
136
119
126
126
126
110
110
85
80
90
112
112
115
115
115
110
121
132
107
107
90
107
168
134
85
90
85
93
76
70
72
74
74
76
70
61
55
43
26
12
8
16
16
16
16
16
16
16
16
16
16
16
16
31
40
43
49
55
57
57
49
52
52
55
57
55
47
43
47
49
49
43
55
49
40
35
43
55
52
55
66
72
72
68
59
49
59
47
21
21
43
21
21
21
21
21
21
6
43
49
47
64
57
31
40
59
76
87
90
90
90
100
100
80
57
26
40
61
85
103
100
85
90
97
97
103
107
110
103
85
64
35
21
26
43
40
40
40
156
124
132
119
103
124
130
121
93
82
100
126
132
139
137
119
128
134
124
139
144
126
97
97
115
97
130
121
112
82
93
87
97
115
126
124
115
117
121
107
87
93
119
130
143
119
97
78
78
76
61
61
66
68
68
70
61
52
49
35
26
12
12
12
12
12
12
12
12
12
12
12
12
12
12
26
35
47
52
59
61
59
49
52
55
57
57
52
35
55
55
47
49
64
55
43
31
26
40
52
43
40
64
76
80
74
64
55
57
35
6
26
52
21
21
21
21
21
21
1
26
40
35
57
47
16
35
59
76
85
90
90
90
100
100
80
55
26
49
68
85
100
90
78
85
97
97
103
107
110
107
85
64
35
21
26
43
40
40
40
128
124
124
119
115
117
134
124
117
107
85
87
117
132
124
126
132
126
117
137
137
121
103
100
100
76
110
117
130
103
97
90
134
117
107
97
112
103
112
115
107
97
112
121
103
97
107
110
103
82
85
78
61
47
52
61
57
43
43
40
31
31
26
6
12
16
21
31
31
16
16
16
16
21
21
26
31
40
47
52
55
59
61
52
43
43
49
49
49
52
49
40
35
43
47
52
47
21
16
40
49
52
59
66
70
72
70
68
57
31
16
31
43
35
35
31
26
26
26
8
16
31
40
55
57
49
43
49
70
87
93
87
93
107
103
85
57
31
43
64
85
97
87
76
82
87
90
97
100
100
100
82
61
31
16
21
40
31
31
31
115
119
119
119
119
117
130
90
110
128
80
90
121
112
115
112
132
140
134
132
128
119
112
103
93
110
97
107
130
119
146
141
158
152
115
82
110
97
112
124
119
103
107
119
93
87
97
117
115
90
100
82
57
35
40
57
52
43
40
40
35
35
26
8
16
21
21
31
35
16
16
21
21
26
26
31
31
35
43
49
52
61
64
52
40
35
47
49
55
49
47
40
35
26
47
55
49
16
6
35
52
55
57
61
66
70
72
72
61
47
31
26
31
35
35
31
35
35
35
16
16
31
47
55
61
55
40
43
68
87
87
80
93
103
103
82
59
31
52
70
97
112
110
93
93
93
97
103
107
107
100
82
61
31
12
21
35
26
26
26
103
107
110
115
117
117
136
97
100
126
93
144
156
128
115
117
137
144
139
130
126
119
115
107
100
119
103
112
117
146
226
175
178
211
130
82
107
100
117
128
121
112
115
126
107
87
85
97
107
90
90
76
55
40
40
55
49
40
40
40
35
31
31
26
26
21
21
21
16
16
16
21
26
26
26
31
35
40
47
52
55
61
64
52
40
35
47
49
49
47
47
43
40
35
52
57
49
12
3
31
52
55
57
61
66
68
70
72
66
59
43
21
12
21
21
31
31
35
40
16
16
31
47
57
64
49
26
47
72
90
85
76
93
103
103
82
57
31
35
61
87
110
110
97
103
110
110
115
117
119
110
82
61
31
12
21
35
26
26
26
107
107
103
107
103
100
117
119
85
70
70
124
156
144
103
134
141
121
119
126
124
119
117
112
107
93
97
117
144
219
244
167
153
198
126
80
110
112
117
128
124
112
115
128
117
87
76
85
93
87
78
66
49
35
40
49
47
40
35
35
31
31
35
40
31
26
16
8
6
21
21
26
26
31
31
35
40
43
49
55
57
64
64
52
40
35
47
49
47
47
47
47
47
43
64
64
49
6
2
35
52
52
55
59
64
68
68
72
72
