196
74
92
136
151
152
148
139
148
148
124
139
214
212
226
221
179
70
90
124
139
144
153
198
177
124
112
115
191
202
167
247
179
64
85
114
124
115
152
220
244
230
100
114
165
161
167
173
173
62
81
108
98
115
148
214
248
256
232
112
148
86
167
50
167
54
81
124
96
124
165
231
246
250
255
219
132
148
234
17
185
62
90
152
94
139
204
226
232
240
244
240
234
252
236
12
191
62
86
212
114
148
167
179
198
198
226
244
251
232
112
24
191
62
79
218
136
132
101
54
50
124
238
235
206
136
24
86
196
62
74
191
148
86
32
17
90
227
238
221
81
45
7
148
196
64
86
132
96
24
10
79
219
214
247
247
65
17
48
196
202
62
108
112
45
20
32
212
112
104
224
115
45
24
90
204
212
79
92
49
48
16
98
185
179
198
221
132
47
44
139
196
204
85
54
36
32
65
104
112
224
206
218
170
45
70
170
173
204
70
45
54
48
96
45
114
204
196
216
101
22
108
191
165
212
70
34
62
148
62
16
98
165
155
191
44
22
144
191
158
204
45
36
85
90
7
12
44
124
211
124
0
36
136
167
148
211
36
32
70
79
22
7
34
124
198
229
152
36
115
108
90
212
22
22
34
90
54
7
62
148
198
232
255
153
136
139
185
198
10
16
17
76
54
32
92
156
179
219
252
244
144
144
240
196
10
2
20
60
12
54
108
177
173
211
243
253
86
76
228
177
2
12
24
47
12
76
148
179
191
196
229
254
124
70
98
158
7
34
45
24
65
132
155
170
191
212
224
250
211
114
70
198
36
45
17
34
98
132
161
173
154
204
226
248
243
124
65
212
70
32
64
81
124
136
177
196
144
165
218
244
252
238
238
